0.219860747
2.925038284
0.177621084
-2.044911396
2.534087033
-1.718252304
3.400785453
1.771857597
-3.675460981
-2.740696923
-0.218632328
-0.888623229
-0.749201689
-3.761911985
1.388711639
2.954980417
1.355012318
1.142442892
-3.881282097
-3.675453274
-0.960421767
-0.995931097
0.052935802
2.923676567
-6.722368635
1.557113132
1.492545515
-5.828878108
-0.312323955
2.392482165
4.005558998
-0.575021404
2.999332966
1.593106514
1.760918955
-0.745226746
5.866632582
0.949634549
-0.916889703
-2.788126461
-0.259610585
2.565691621
1.534739577
-3.427753038
-1.910282252
-1.545414074
5.321590029
-5.501031207
-1.26939098
42.23376234
-13.02044868
3.002310456
9.641254291
0.446175861
7.514345873
7.333445516
1.138737798
6.818900884
-10.76306405
-4.450172979
8.148341391
-1.271835275
5.470851113
-2.520101248
-10.06343711
3.094959771
-2.677041613
-0.474559272
2.419424283
7.578240496
-6.79595774
-0.352539974
-3.555097105
-3.668246497
-9.027585382
-2.797343628
7.55173099
-3.623046804
3.951762003
0.175456679
-0.924391386
3.132981732
-5.970863614
-1.417867155
3.277176013
2.616139487
-4.216756331
-3.704074561
-6.946926811
0.74542127
-5.414791662
1.363036576
4.11600108
0.022458445
-9.970804176
-1.409325268
-2.327645705
-1.359921012
-1.011035924
-8.568774487
2.625849412
-7.704265132
-3.476797312
-9.457313551
1.96284434
13.20041423
2.869722094
-2.332106273
-8.311924084
5.060168289
-1.066835549
2.172532474
9.390040354
-0.794558706
-4.447940631
2.260143759
7.289231557
-26.50750778
1.150924469
-8.753901312
-3.037011202
-5.24787192
9.676002627
-0.099798407
3.036965096
-2.617799108
-3.524492164
-6.625384796
-6.520779995
-2.340983629
1.477000036
5.89358387
-6.557007513
-5.377378698
-6.523959912
3.244272083
9.611827558
11.65984156
7.055018643
-6.045949336
8.344056378
0.395963191
0.157763758
-7.324278257
2.825583174
5.206603091
-5.498819933
-3.906893265
-0.475782851
8.691873099
-1.979210316
-6.404242431
-2.527781707
-3.644091214
2.134575505
-2.317128578
4.581397674
-5.803869117
-3.564690662
2.815182512
-12.5
-5.823126531
-0.751236615
0.756922897
-8.234616925
-4.408057305
5.764163183
-4.546873107
6.623164763
1.285183599
5.377652893
-12.72935743
-8.639953724
-11.50664551
-5.770011956
3.363509989
19.23237877
15.36039538
-2.517446087
-0.622271332
1.909824611
5.529951015
-8.00581706
-4.873420886
-9.946770125
6.871074991
5.737988247
3.988228179
-5.878648409
-3.340013248
15.68762558
-10.39426523
3.866666667
0.898591142
4.421122633
-7.097172885
-8.983606557
-4.68300072
-1.284950918
10.64318106
-14.56747059
8.829485264
10.30888685
4.993259278
10.79691161
5.626444316
-1.34540919
-4.007787364
-1.36271955
-3.409756026
6.725498882
14.02909039
-5.101277564
4.137019654
4.377530364
-6.884848485
-0.494660245
-2.98272886
1.105717308
6.081616107
-0.050289163
0.251567296
2.283563477
2.845927519
-6.011441127
1.116746136
-2.108433735
7.564105128
2.455301491
-0.116333178
5.380857209
0.110519447
3.775665627
2.042551064
2.668897053
-0.690495504
-3.169742202
1.393875455
3.228500447
3.208234399
-4.281530624
-2.450982485
-3.475712038
-2.190885128
-5.344865824
-2.764761012
-1.036144578
0.267835403
0.70422778
-4.605738977
-0.859453972